9.690000	10.510000	obsolete
11.410000	13.370000	3
15.030000	15.830000	obstinate
16.650000	18.450000	5
20.150000	21.250000	obstreperous
22.090000	24.330000	7
26.050000	26.950000	obstruction
27.770000	29.210000	9
30.970000	31.730000	obtrude
32.470000	34.090000	11
35.870000	36.670000	obtuse
37.490000	39.110000	13
40.870000	41.730000	obverse
42.690000	43.270000	15
44.990000	45.670000	occlude
46.550000	47.590000	17
49.270000	49.910000	occult
50.750000	52.650000	19
54.270000	54.930000	ocular
55.730000	57.610000	21
59.170000	59.770000	ode
60.550000	62.190000	23
63.870000	64.470000	odium
65.370000	66.770000	25
68.410000	69.150000	odometer
70.010000	70.890000	27
72.610000	73.650000	odoriferous
74.550000	75.610000	29
77.370000	78.130000	offbeat
79.030000	81.330000	31
83.090000	83.750000	offend
84.590000	85.990000	33
87.730000	88.550000	offensive
89.470000	91.830000	35
93.550000	94.250000	offish
95.130000	95.970000	37
97.650000	98.390000	offset
99.250000	100.930000	39
102.610000	103.170000	ogle
103.950000	106.250000	41
108.030000	108.730000	ointment
109.670000	111.150000	43
112.910000	113.930000	oleaginous
114.790000	118.670000	45
120.290000	121.210000	olfactory
122.030000	122.910000	47
124.570000	125.210000	omelet
126.150000	127.170000	49
128.990000	130.050000	omnipresent
130.850000	132.010000	51
133.710000	134.590000	omniscient
135.430000	137.790000	53
139.510000	140.450000	omnivorous
141.270000	143.670000	55
145.430000	146.190000	onset
147.070000	150.390000	57
152.110000	152.990000	onslaught
153.790000	155.350000	59
157.070000	157.710000	onus
158.570000	160.070000	61
161.770000	162.430000	ooze
163.210000	166.810000	63
168.570000	169.550000	opalescence
170.350000	171.310000	65
173.130000	173.850000	opaque
174.670000	176.790000	67
178.490000	179.290000	opine
180.110000	181.830000	69
183.610000	184.430000	oppose
185.230000	185.870000	71
187.510000	188.290000	oppress
189.110000	190.670000	73
192.370000	193.230000	opulence
194.050000	195.590000	75
197.310000	197.870000	oracle
198.670000	200.890000	77
202.610000	203.490000	oracular
204.250000	207.370000	79
209.090000	209.810000	oratory
210.690000	211.570000	81
213.290000	213.870000	orchard
214.730000	215.450000	83
217.150000	217.870000	ordain
218.810000	221.050000	85
222.770000	223.490000	ordinance
224.310000	225.730000	87
227.490000	228.150000	orient
228.910000	233.370000	89
235.130000	235.770000	ornate
236.610000	239.130000	91
240.930000	241.510000	ornery
242.330000	244.510000	93
246.150000	246.890000	orotund
247.670000	249.810000	95
251.510000	252.330000	orthodox
253.130000	253.990000	97
255.750000	256.510000	oscillate
257.330000	258.710000	99
260.430000	261.430000	osmosis
262.290000	264.590000	101
266.370000	267.170000	osseous
267.990000	269.710000	103
271.450000	272.370000	ostensible
273.290000	274.410000	105
276.070000	277.030000	ostracism
277.790000	279.330000	107
281.050000	282.070000	other-directed
282.870000	284.170000	109
286.170000	287.170000	otiose
288.010000	289.990000	111
291.690000	292.670000	outfox
293.550000	295.110000	113
296.770000	297.710000	outlandish
298.590000	299.370000	115
301.110000	301.790000	outlet
302.710000	303.510000	117
305.230000	306.110000	outmaneuver
307.070000	308.550000	119
310.310000	311.070000	outset
311.910000	313.590000	121
315.310000	316.170000	outshine
317.070000	319.990000	123
321.690000	322.410000	outwit
323.210000	324.750000	125
326.490000	326.990000	oven
327.850000	330.230000	127
332.010000	332.890000	overbearing
333.790000	335.710000	129
337.450000	338.290000	overflow
339.210000	340.810000	131
342.470000	343.250000	overhaul
344.050000	346.110000	133
347.830000	348.710000	overreach
349.530000	350.710000	135
352.430000	353.330000	overriding
354.110000	356.110000	137
357.830000	358.630000	oversee
359.430000	360.070000	139
361.790000	362.650000	oversight
363.470000	366.050000	141
367.770000	368.630000	overthrow
369.510000	371.150000	143
372.850000	373.510000	overture
374.290000	376.370000	145
378.010000	378.930000	overweening
379.770000	382.170000	147
383.870000	384.810000	oxidize
385.730000	387.290000	149
389.030000	389.830000	pacify
390.770000	392.650000	151
394.390000	394.970000	pact
395.830000	397.670000	153
399.390000	399.990000	pagan
400.830000	405.475031	155
406.322165	407.303810	painstaking
407.694223	409.010000	157
410.710000	411.290000	palate
412.110000	414.750000	159
416.470000	417.130000	palatial
418.050000	420.230000	161
421.910000	422.570000	palaver
423.450000	425.110000	163
426.830000	427.370000	palette
428.330000	430.910000	165
432.550000	433.050000	pall
433.890000	436.610000	167
438.310000	438.970000	palliate
439.850000	441.570000	169
443.230000	444.070000	palliative
444.950000	448.390000	171
450.110000	450.710000	pallid
451.550000	453.910000	173
455.650000	456.450000	palpitate
457.250000	458.430000	175
460.170000	460.730000	pamper
461.630000	463.850000	177
465.570000	466.110000	pan
467.030000	468.130000	179
469.810000	470.710000	pandemonium
471.530000	473.270000	181
474.970000	475.550000	pander
476.370000	478.070000	183
479.770000	480.350000	pane
481.150000	482.370000	185
483.970000	484.550000	pang
485.410000	486.450000	187
488.110000	488.710000	panic
489.570000	492.590000	189
494.310000	495.090000	panorama
495.910000	497.630000	191
499.350000	500.230000	panoramic
501.150000	504.150000	193
505.790000	506.710000	parallelism
507.510000	509.170000	195
510.950000	511.770000	paralyze
512.670000	514.770000	197
516.490000	517.050000	parch
517.910000	519.650000	199
521.410000	521.910000	pare
522.710000	527.550000	201
529.270000	529.890000	parity
530.770000	532.450000	203
534.150000	534.710000	parley
535.490000	537.210000	205
538.950000	539.670000	parlous
540.530000	542.490000	207
544.210000	544.930000	parochial
545.790000	549.150000	209
550.870000	551.410000	parry
552.310000	553.930000	211
555.570000	556.710000	particularize
557.510000	559.390000	213
561.090000	561.830000	partition
562.730000	564.390000	215
566.070000	566.970000	parturition
567.870000	569.610000	217
571.370000	572.130000	passe
573.050000	575.450000	219
577.210000	577.910000	passive
578.930000	581.230000	221
582.970000	583.930000	pastiche
584.790000	586.950000	223
588.590000	589.390000	pastoral
590.150000	592.590000	225
594.350000	595.030000	pastry
595.910000	597.550000	227
599.270000	599.890000	patch
600.750000	602.510000	229
604.270000	604.950000	patent
605.890000	608.730000	231
610.450000	611.170000	pathetic
612.010000	614.690000	233
616.410000	617.290000	pathology
618.150000	619.030000	235
620.690000	621.410000	patriot
622.270000	624.690000	237
626.410000	627.310000	patriotism
628.130000	630.330000	239
631.950000	632.510000	pauper
633.390000	635.030000	241
636.710000	637.290000	pavid
638.190000	640.070000	243
641.730000	642.350000	pawn
643.210000	647.038122	245
648.670000	649.310000	peachy
650.190000	652.170000	248
653.850000	654.350000	peak
655.230000	657.550000	250
659.270000	659.830000	peaky
660.690000	662.730000	252
664.470000	665.210000	pecan
666.070000	667.110000	254
668.930000	669.390000	peck
670.230000	672.090000	256
673.890000	674.530000	peckish
675.430000	677.290000	258
679.030000	679.730000	peculate
680.610000	681.270000	260
683.030000	683.770000	pedagogy
684.690000	686.970000	262
688.670000	689.130000	pedal
689.930000	693.010000	264
694.730000	695.190000	peddle
696.030000	696.630000	266
698.250000	698.910000	pedestal
699.770000	700.450000	268
702.170000	702.670000	peek
703.550000	704.330000	270
706.010000	706.570000	peel
707.430000	711.430000	272
713.230000	713.690000	peep
714.550000	717.370000	274
719.030000	719.570000	peer
720.530000	722.590000	276
724.270000	724.850000	peery
725.750000	728.710000	278
730.390000	731.070000	peeve
731.990000	734.110000	280
735.750000	736.470000	pell-mell
737.370000	738.190000	282
739.810000	740.570000	pellucid
741.370000	743.430000	284
745.010000	745.530000	pelt
746.410000	747.890000	286
749.590000	750.230000	penalty
751.130000	753.150000	288
754.830000	755.530000	penance
756.330000	757.490000	290
759.210000	759.850000	pendent
760.710000	762.630000	292
764.270000	765.050000	pendulous
765.910000	766.830000	294
768.510000	769.230000	pendulum
770.190000	771.610000	296
773.370000	774.130000	penetrate
775.070000	777.590000	298
779.430000	780.230000	penicillin
781.110000	782.090000	300
783.810000	784.450000	penury
785.350000	787.230000	302
788.970000	789.930000	perambulate
790.690000	792.330000	304
793.990000	794.550000	perch
795.410000	796.190000	306
797.810000	798.530000	percolate
799.350000	801.430000	308
803.270000	804.030000	peremptory
804.850000	807.390000	310
809.130000	809.750000	perfidy
810.610000	812.090000	312
813.830000	814.610000	perforate
815.490000	816.050000	314
817.770000	818.250000	peril
819.090000	819.830000	316
821.470000	822.590000	periphrastic
823.530000	825.450000	318
827.170000	827.850000	perish
828.650000	830.696757	320
832.330000	833.050000	perishing
833.890000	834.770000	323
