9.330000	9.810000	lap
10.610000	11.430000	3
13.130000	13.830000	lapse
14.630000	16.270000	5
17.990000	18.670000	lard
19.490000	21.470000	7
23.130000	23.990000	largess
24.870000	29.470000	9
31.110000	31.730000	lark
32.610000	34.430000	11
36.130000	36.950000	lassitude
37.810000	40.550000	13
42.590000	43.290000	lasso
44.110000	44.850000	15
46.550000	47.270000	lasting
48.090000	49.970000	17
51.570000	52.210000	latch
53.030000	55.930000	19
57.570000	58.210000	latent
59.110000	61.090000	21
62.690000	63.330000	lateral
64.170000	65.090000	23
66.830000	67.530000	lathe
68.410000	70.990000	25
72.770000	73.470000	lattice
74.370000	75.270000	27
76.990000	77.690000	lavender
78.570000	80.990000	29
82.610000	83.490000	laxative
84.370000	86.510000	31
88.210000	88.870000	leach
89.630000	90.150000	33
91.770000	92.330000	leak
93.210000	97.443711	35
99.170000	99.910000	leakage
100.830000	102.410000	38
104.030000	104.670000	lean
105.550000	108.804386	40
110.430000	111.070000	lease
111.950000	114.530000	43
116.130000	116.710000	leer
117.510000	119.630000	45
121.270000	121.870000	leery
122.690000	124.470000	47
126.110000	126.850000	leeward
127.690000	128.490000	49
130.090000	131.010000	legislature
131.850000	134.490000	51
136.150000	137.170000	leisureliness
138.070000	139.710000	53
141.410000	142.270000	leniency
143.210000	144.850000	55
146.490000	147.190000	lesion
148.010000	149.690000	57
151.370000	152.150000	lethargy
153.050000	155.430000	59
157.130000	157.650000	levee
158.570000	160.210000	61
161.850000	162.730000	levelheaded
163.710000	166.070000	63
167.730000	168.250000	levy
169.090000	170.610000	65
172.350000	173.070000	lexical
173.870000	175.850000	67
177.510000	178.610000	lexicographer
179.330000	181.030000	69
181.950000	182.830000	lexicon
184.470000	185.230000	71
186.086600	186.975144	liability
187.482884	189.170000	72
190.850000	191.650000	liaison
192.470000	195.230000	74
196.890000	197.490000	libel
198.390000	200.190000	76
201.930000	202.730000	libelous
203.550000	204.350000	78
206.130000	206.950000	liberality
207.790000	210.310000	80
211.950000	212.510000	liberty
213.370000	215.270000	82
216.950000	217.970000	licentious
218.850000	222.150000	84
223.790000	224.430000	licit
225.310000	226.110000	86
227.850000	228.710000	ligneous
229.590000	231.610000	88
233.290000	233.910000	liken
234.710000	236.030000	90
237.650000	238.210000	limb
239.030000	240.050000	92
241.710000	242.410000	limbo
243.210000	246.190000	94
247.750000	248.290000	limn
249.170000	250.490000	96
252.150000	252.950000	limnetic
253.770000	255.510000	98
257.230000	257.970000	limousine
258.830000	261.990000	100
263.670000	264.170000	limp
265.050000	268.770000	102
270.390000	271.050000	lineal
271.770000	273.730000	104
275.410000	276.030000	linger
276.810000	280.230000	106
281.910000	282.530000	lingual
283.370000	285.110000	108
286.770000	287.850000	linguistics
288.670000	289.590000	110
291.270000	292.230000	lionize
293.030000	294.610000	112
296.310000	297.110000	liquefy
297.910000	299.470000	114
301.030000	301.830000	liquidate
302.630000	304.510000	116
306.150000	306.790000	lissome
307.570000	308.410000	118
310.010000	310.730000	list
311.530000	312.410000	120
314.090000	314.850000	lithe
315.730000	319.570000	122
321.270000	321.950000	loaf
322.790000	325.230000	124
326.910000	327.670000	locus
328.490000	330.170000	126
331.770000	332.550000	locution
333.330000	335.690000	128
337.410000	338.030000	log
338.930000	341.990000	130
343.630000	344.590000	logistics
345.470000	347.530000	132
349.150000	349.810000	loiter
350.610000	356.630000	134
358.250000	359.210000	long-winded
360.010000	360.950000	136
362.650000	363.290000	loosen
364.130000	365.610000	138
367.330000	367.870000	lope
369.510000	372.150000	140
373.750000	374.690000	lopsided
375.550000	378.290000	142
379.950000	380.510000	lore
381.350000	384.850000	144
386.570000	387.150000	lot
387.950000	391.570000	146
393.230000	393.930000	lottery
394.890000	396.490000	148
398.230000	398.790000	lout
399.770000	401.130000	150
402.790000	403.590000	loutish
404.450000	405.310000	152
406.930000	407.790000	lowbred
408.590000	410.650000	154
412.350000	413.230000	lubricant
414.050000	414.930000	156
416.630000	417.190000	lucre
418.030000	419.390000	158
421.030000	421.990000	lucubrate
422.870000	426.870000	160
428.550000	429.130000	lug
430.010000	432.330000	162
434.090000	434.950000	lukewarm
435.750000	437.830000	164
439.510000	440.110000	lumber
440.950000	444.770000	166
446.490000	447.050000	lumen
447.910000	448.650000	168
450.350000	451.090000	luminary
451.950000	454.190000	170
455.730000	456.270000	lump
457.130000	460.110000	172
461.710000	462.490000	lunatic
463.310000	465.250000	174
466.850000	467.610000	lunge
468.430000	469.570000	176
471.170000	471.830000	lurch
472.790000	475.390000	178
477.010000	477.550000	lurk
478.350000	480.070000	180
481.670000	482.450000	luscious
483.230000	485.270000	182
486.910000	487.570000	lust
488.430000	489.650000	184
491.270000	491.910000	luster
492.790000	500.230000	186
501.930000	502.750000	lustrous
503.550000	504.570000	188
506.210000	506.930000	lusty
507.750000	510.570000	190
511.470000	512.470000	luxurious
513.290000	515.230000	192
516.830000	517.650000	lymphatic
518.510000	521.570000	194
523.210000	524.090000	macerate
524.890000	526.870000	196
528.590000	529.510000	machination
530.350000	530.970000	198
532.610000	533.350000	madrigal
534.230000	536.790000	200
538.430000	539.150000	magenta
540.010000	542.390000	202
544.070000	545.110000	magniloquent
545.970000	546.790000	204
548.430000	549.310000	magnitude
550.130000	552.890000	206
554.550000	555.390000	majestic
556.150000	558.370000	208
560.010000	560.790000	malaise
561.610000	563.350000	210
564.990000	565.870000	malediction
566.750000	567.370000	212
569.070000	569.990000	malefactor
570.870000	572.670000	214
574.310000	575.270000	maleficent
576.150000	579.230000	216
580.870000	581.910000	malfeasance
582.710000	584.930000	218
586.590000	587.530000	malfunction
588.350000	591.050000	220
592.730000	593.430000	malice
594.270000	595.690000	222
597.390000	598.130000	mandate
598.930000	600.490000	224
602.270000	602.870000	mangle
603.690000	607.090000	226
608.770000	609.470000	mania
610.270000	611.830000	228
613.510000	614.510000	manifesto
615.350000	616.970000	230
618.670000	619.550000	manipulate
620.350000	621.830000	232
623.490000	624.190000	mansion
625.070000	626.530000	234
628.170000	628.730000	manure
629.570000	631.810000	236
633.470000	634.030000	maple
634.910000	635.530000	238
637.170000	637.730000	mar
638.610000	642.870000	240
644.610000	645.250000	maraud
646.130000	647.810000	242
649.510000	650.150000	marine
651.010000	652.770000	244
654.470000	655.110000	mariner
655.990000	657.630000	246
659.350000	659.990000	marrow
660.890000	663.330000	248
665.110000	665.710000	marshal
666.550000	669.518261	250
671.290000	672.170000	marsupial
672.990000	674.090000	253
675.750000	676.370000	martial
677.210000	678.890000	255
680.570000	681.110000	martyr
681.950000	683.790000	257
685.510000	686.130000	marvel
686.990000	689.510512	259
689.975940	690.716394	mash
692.470000	693.590000	260
694.524442	695.455298	masquerade
695.878414	697.970000	261
699.650000	700.490000	massacre
701.370000	702.170000	263
703.890000	704.670000	massive
705.570000	707.470000	265
709.190000	709.910000	mast
710.870000	712.690000	267
714.410000	715.410000	masticate
716.250000	718.890000	269
720.610000	721.170000	mat
722.050000	726.970000	271
728.770000	729.910000	materialize
730.790000	734.370000	273
736.110000	737.050000	matriculate
738.010000	738.730000	275
740.410000	740.970000	matte
741.750000	742.750000	277
744.470000	745.290000	mattress
746.070000	746.790000	279
748.430000	749.070000	mature
749.950000	752.510000	281
754.230000	754.790000	maul
755.670000	757.310000	283
759.010000	759.650000	maunder
760.470000	762.110000	285
763.810000	764.610000	mawkish
765.430000	772.039369	287
773.730000	774.450000	maze
775.290000	775.950000	290
777.670000	778.230000	mean
779.010000	779.830000	292
781.630000	782.250000	meander
783.050000	785.030000	294
786.750000	787.470000	measly
788.330000	792.450000	296
794.150000	794.810000	measured
795.670000	800.830000	298
802.470000	803.270000	mechanism
804.110000	805.470000	300
807.170000	807.730000	medal
808.590000	810.310000	302
811.950000	812.510000	meddle
813.310000	814.710000	304
816.410000	817.270000	medicate
818.170000	821.170000	306
822.830000	823.650000	medieval
824.510000	826.590000	308
828.350000	829.230000	meditation
830.110000	831.610000	310
833.290000	833.830000	meek
834.590000	836.410000	312
838.110000	838.770000	meld
839.610000	841.110000	314
842.810000	843.730000	mellifluous
844.550000	845.870000	316
847.570000	848.130000	melon
849.010000	849.710000	318
851.350000	852.130000	membrane
852.970000	854.650000	320
856.390000	857.050000	menace
857.930000	859.490000	322
