9.720000	10.400000	harshly
11.170000	12.990000	3
14.540000	15.220000	hash
15.990000	18.740000	5
20.280000	20.990000	hasten
21.760000	24.460000	7
26.000000	26.840000	hasty
27.610000	28.890000	9
30.430000	31.210000	hauteur
31.980000	32.630000	11
34.170000	34.950000	havoc
35.720000	37.550000	13
39.090000	39.570000	hawk
40.330000	42.080000	15
43.600000	44.240000	hazy
45.010000	47.050000	17
48.570000	49.250000	headlong
50.020000	52.300000	19
53.820000	54.440000	headway
55.210000	56.880000	21
58.400000	58.970000	heady
59.740000	61.660000	23
63.180000	63.700000	heal
64.470000	65.240000	25
66.760000	67.460000	harken
68.230000	69.080000	27
70.600000	71.400000	hearsay
72.170000	74.360000	29
75.870000	76.810000	heartrending
77.580000	79.030000	31
80.550000	81.250000	heave
82.020000	83.020000	33
84.540000	85.100000	heckle
85.870000	87.380000	35
89.000000	89.680000	hectic
90.450000	93.370000	37
94.950000	95.620000	hector
96.380000	97.930000	39
99.520000	100.220000	hedge
100.990000	103.970000	41
105.590000	106.540000	herbivorous
107.310000	108.310000	43
109.890000	110.830000	heresy
111.600000	112.860000	45
114.440000	115.180000	hermetic
115.940000	119.330000	47
120.910000	121.510000	hew
122.280000	123.940000	49
125.510000	126.320000	hidebound
127.070000	129.420000	51
130.990000	131.550000	hie
132.320000	134.200000	53
135.790000	136.850000	hieroglyphic
137.620000	138.900000	55
140.470000	141.150000	highbrow
141.920000	144.720000	57
146.270000	146.840000	hike
147.610000	151.200000	59
152.750000	153.720000	hilarious
154.490000	157.180000	61
158.720000	159.240000	hinder
160.000000	161.460000	63
162.990000	163.710000	hinge
164.500000	166.170000	65
167.720000	168.520000	hoarse
169.290000	171.590000	67
173.140000	173.750000	hoary
174.520000	176.630000	69
178.170000	178.860000	hoax
179.640000	182.730000	71
184.280000	184.870000	hobble
185.670000	187.550000	73
189.100000	189.690000	hoe
190.460000	191.220000	75
192.770000	193.600000	hoist
194.370000	197.220000	77
198.770000	199.520000	homage
200.310000	202.040000	79
203.590000	204.160000	homely
204.970000	207.160000	81
208.710000	209.400000	hone
210.170000	212.030000	83
213.570000	214.200000	hoodoo
214.970000	217.440000	85
219.000000	219.760000	hoodwink
220.530000	222.260000	87
223.800000	224.370000	hoop
225.180000	226.830000	89
228.330000	229.300000	horizontal
230.060000	231.070000	91
232.610000	233.190000	horn
233.950000	235.470000	93
237.020000	237.980000	horrendous
238.750000	241.650000	95
243.200000	244.100000	hortative
244.870000	246.870000	97
248.410000	249.370000	horticulture
250.190000	251.300000	99
252.850000	253.470000	howler
254.260000	258.620000	101
260.210000	261.120000	hubris
261.900000	263.820000	103
265.420000	266.100000	hue
266.870000	269.540000	105
271.090000	271.820000	huffish
272.590000	275.620000	107
277.170000	277.770000	huffy
278.530000	280.500000	109
282.040000	282.610000	hull
283.380000	286.950000	111
288.500000	289.140000	humid
289.930000	290.910000	113
292.460000	293.140000	humor
293.910000	295.510000	115
297.060000	297.670000	hunker
298.450000	300.800000	117
302.370000	302.960000	hurdle
303.730000	306.230000	119
307.770000	308.340000	hurtle
309.140000	314.710000	121
316.260000	316.970000	husband
317.740000	319.260000	123
320.810000	321.720000	husbandry
322.490000	323.170000	125
324.720000	325.400000	hush
326.210000	329.470000	127
331.060000	331.657420	hymn
331.956827	332.855048	128
334.450000	335.040000	hype
335.860000	337.900000	130
339.480000	340.680000	hyperactivity
341.460000	344.040000	132
345.580000	346.350000	hypocrite
347.130000	349.180000	134
350.819469	351.461055	icicle
352.270000	354.080000	136
355.630000	356.290000	icon
357.060000	358.890000	138
360.440000	361.690000	iconoclast
362.460000	365.530000	140
367.080000	367.700000	idiom
368.470000	374.700000	142
376.250000	376.890000	idle
377.680000	383.000000	144
384.550000	385.740000	idolatrize
386.510000	389.180000	146
390.730000	391.520000	idolize
392.300000	397.290000	148
398.860000	399.640000	ignite
400.410000	403.300000	150
404.850000	405.600000	ignorant
406.370000	408.170000	152
409.720000	410.260000	ilk
411.030000	412.530000	154
414.090000	414.880000	illiberal
415.650000	418.370000	156
419.930000	420.780000	illuminate
421.540000	424.550000	158
426.100000	427.110000	illuminati
427.880000	429.820000	160
431.370000	432.240000	illusive
433.010000	435.380000	162
436.940000	437.790000	illustrate
438.600000	442.930000	164
444.480000	445.520000	illustrious
446.290000	448.240000	166
449.790000	450.560000	imbecile
451.320000	454.860000	168
456.410000	457.150000	imbibe
457.920000	459.320000	170
460.872930	461.856696	imbroglio
462.498283	466.030000	171
467.570000	468.250000	immanent
469.030000	474.480000	173
476.040000	476.910000	immemorial
477.680000	479.820000	175
481.360000	482.130000	immensity
482.910000	486.630000	177
488.180000	488.970000	immerse
489.740000	492.070000	179
493.680000	494.470000	immolate
495.240000	497.030000	181
498.580000	499.240000	immortal
500.010000	502.290000	183
503.860000	504.580000	immune
505.360000	508.490000	185
510.080000	510.940000	immunity
511.720000	513.630000	187
515.190000	516.050000	immunize
516.870000	517.880000	189
519.430000	520.090000	immure
520.860000	521.600000	191
523.150000	523.950000	impact
524.760000	526.370000	193
527.910000	528.760000	impale
529.540000	531.370000	195
532.910000	533.970000	impalpable
534.760000	537.620000	197
539.180000	540.020000	impasse
540.790000	542.370000	199
543.950000	544.780000	impeach
545.550000	548.340000	201
549.910000	550.600000	impel
551.370000	553.250000	203
554.830000	555.690000	impend
556.480000	558.570000	205
560.190000	561.140000	impenitent
561.930000	563.340000	207
564.890000	565.740000	imperil
566.520000	568.890000	209
570.440000	571.690000	impermeability
572.480000	573.820000	211
575.360000	576.460000	impertinence
577.230000	578.900000	213
580.450000	581.290000	impetus
582.060000	584.010000	215
585.560000	586.530000	impinge
587.350000	589.130000	217
590.680000	591.520000	implant
592.320000	595.240000	219
596.790000	597.640000	implicate
598.410000	600.240000	221
601.790000	602.640000	implicit
603.410000	605.310000	223
606.850000	607.710000	implode
608.480000	610.380000	225
611.960000	612.700000	implore
613.500000	615.420000	227
616.960000	617.950000	importune
618.720000	621.782811	229
623.270000	624.230000	impose
625.000000	626.940000	232
628.490000	629.510000	impoverish
630.290000	631.540000	234
633.120000	634.060000	imprecation
634.840000	635.650000	236
637.200000	638.220000	impregnable
639.040000	642.370000	238
643.920000	644.740000	imprint
645.530000	647.370000	240
648.920000	650.070000	impuissance
650.830000	652.670000	242
654.220000	655.200000	imputation
655.960000	657.800000	244
659.370000	660.420000	inadvertence
661.210000	664.220000	246
665.770000	666.870000	inadvertently
667.660000	669.870000	248
671.420000	672.200000	inanimate
673.010000	674.030000	250
675.580000	676.570000	inappreciable
677.420000	678.620000	252
680.170000	681.150000	incarcerate
681.920000	685.513731	254
687.090000	688.170000	incertitude
688.940000	691.860000	257
693.420000	694.070000	inch
694.850000	697.180000	259
698.740000	699.670000	inchoate
700.460000	704.890000	261
706.490000	707.510000	incinerate
708.270000	709.940000	263
711.490000	712.350000	incision
713.110000	714.850000	265
716.390000	717.260000	incite
718.040000	719.620000	267
721.170000	722.080000	inclement
722.850000	724.740000	269
726.330000	727.420000	incogitant
728.210000	731.150000	271
732.700000	733.790000	incongruent
734.560000	738.200000	273
739.760000	740.920000	inconstancy
741.620000	742.980000	275
744.560000	745.850000	incorrigibility
746.620000	747.780000	277
749.320000	750.160000	increment
750.980000	751.770000	279
753.330000	754.350000	incriminate
755.130000	757.220000	281
758.770000	759.690000	incubation
760.450000	762.570000	283
764.120000	765.010000	incubus
765.850000	768.210000	285
769.800000	770.800000	inculcate
771.600000	774.570000	287
776.120000	777.020000	inculpate
777.770000	779.590000	289
781.140000	781.820000	incur
782.590000	783.520000	291
785.060000	785.940000	indelible
786.710000	789.490000	293
791.060000	792.060000	indemnify
792.840000	794.470000	295
796.030000	796.920000	indifferent
797.710000	800.400000	297
801.940000	802.850000	indignant
803.620000	806.000000	299
807.580000	808.490000	indignity
809.300000	812.700000	301
814.250000	815.090000	induce
815.860000	817.490000	303
819.060000	819.780000	induct
820.540000	822.930000	305
824.480000	825.370000	induction
826.140000	827.840000	307
829.410000	830.520000	industrious
831.290000	833.410000	309
834.970000	835.950000	inebriate
836.740000	840.520000	311
842.070000	842.830000	ineffable
843.600000	847.940000	313
849.490000	850.850000	inelasticity
851.620000	854.110000	315
855.660000	856.560000	ineluctable
857.320000	858.620000	317
860.170000	861.260000	inexpedient
862.030000	864.330000	319
865.880000	866.900000	inexpiable
867.670000	868.930000	321
