8.850000	9.730000	divagate
10.580000	12.340000	3
14.090000	14.960000	diversity
15.830000	17.640000	5
19.380000	20.040000	divine
20.960000	22.420000	7
24.090000	24.590000	dock
25.420000	27.270000	9
28.930000	29.610000	dodge
30.480000	32.020000	11
33.680000	34.250000	doff
35.200000	35.840000	13
37.570000	38.470000	dogmatism
39.290000	41.200000	15
42.850000	43.660000	doleful
44.520000	46.240000	17
47.910000	48.650000	dolorous
49.550000	51.260000	19
52.980000	53.950000	domesticate
54.730000	56.280000	21
58.000000	58.650000	dominant
59.510000	61.530000	23
63.210000	63.810000	donate
64.680000	66.050000	25
67.770000	68.320000	doodle
69.230000	71.170000	27
72.910000	73.640000	dormancy
74.530000	75.750000	29
77.540000	78.120000	dote
79.010000	80.610000	31
82.380000	83.300000	double-cross
84.190000	85.780000	33
87.470000	88.000000	dour
88.930000	91.930000	35
93.680000	94.290000	douse
95.220000	97.830000	37
99.570000	100.070000	dowdy
100.890000	102.870000	39
104.610000	105.330000	downpour
106.220000	107.470000	41
109.180000	110.000000	draconian
110.920000	112.730000	43
114.490000	115.180000	draggy
116.110000	118.400000	45
120.110000	120.670000	drain
121.610000	123.410000	47
125.150000	125.860000	drainage
126.730000	129.820000	49
131.460000	132.030000	drawl
132.970000	136.600000	51
138.350000	138.940000	drawn
139.800000	140.700000	53
142.370000	142.950000	dreary
143.870000	145.680000	55
147.340000	147.980000	drench
148.870000	149.810000	57
151.530000	152.190000	drenched
153.080000	153.920000	59
155.760000	156.270000	drip
157.170000	157.790000	61
159.550000	160.090000	drivel
161.000000	162.860000	63
164.670000	165.240000	droll
166.150000	167.980000	65
169.620000	170.280000	drool
171.200000	173.020000	67
174.730000	175.260000	droop
176.220000	177.990000	69
179.690000	180.270000	drought
181.200000	184.090000	71
185.790000	186.360000	drub
187.260000	188.972059	73
190.680000	191.330000	dulcet
192.270000	194.040000	76
195.880000	196.890000	duplicitous
197.820000	201.234516	78
202.970000	203.690000	duress
204.630000	205.400000	81
207.090000	208.000000	dyspeptic
208.920000	211.340000	83
213.120000	213.710000	eaglet
214.600000	215.430000	85
217.090000	217.610000	earring
218.620000	220.140000	87
221.800000	222.600000	earthshaking
223.480000	225.640000	89
227.400000	227.900000	earthy
228.830000	230.740000	91
232.390000	232.960000	easel
233.770000	235.690000	93
237.410000	238.340000	ebullience
239.160000	242.280000	95
243.990000	244.770000	ecstasy
245.590000	248.420000	97
250.090000	250.900000	ecstatic
251.760000	254.230000	99
255.930000	256.890000	ecumenical
257.730000	260.080000	101
261.720000	262.190000	edgy
263.120000	267.210000	103
268.910000	269.400000	eerie
270.240000	272.140000	105
273.840000	274.570000	effeminate
275.340000	277.750000	107
279.490000	280.300000	effervesce
281.310000	283.470000	109
285.190000	285.940000	effrontery
286.790000	288.860000	111
290.550000	291.410000	effulgent
292.350000	294.170000	113
295.980000	296.730000	egoism
297.620000	298.610000	115
300.480000	301.280000	egotist
302.090000	305.040000	117
306.680000	307.450000	eidetic
308.270000	311.240000	119
313.010000	314.080000	ejaculate
314.980000	318.220000	121
319.880000	320.600000	elated
321.510000	324.050000	123
325.770000	326.330000	elegy
327.170000	328.690000	125
330.220000	331.170000	elephantine
332.000000	333.810000	127
335.490000	336.120000	elevate
337.030000	338.630000	129
340.410000	341.070000	elixir
341.960000	344.280000	131
346.110000	346.820000	elliptical
347.640000	351.220000	133
352.970000	353.820000	elocution
354.600000	355.520000	135
357.300000	358.090000	eloquence
358.870000	360.650000	137
362.390000	363.290000	emaciate
364.110000	365.080000	139
366.790000	367.830000	emaciation
368.670000	371.170000	141
372.980000	373.580000	emanate
374.460000	376.850000	143
378.480000	379.450000	emasculate
380.330000	383.100000	145
384.650000	385.380000	embargo
386.290000	388.426890	147
390.120000	390.900000	embarrass
391.780000	394.250000	150
395.900000	396.530000	embitter
397.400000	399.320000	152
401.030000	401.640000	embody
402.510000	404.430000	154
406.190000	406.880000	embolden
407.790000	408.330000	156
410.070000	410.770000	embroil
411.680000	414.190000	158
415.960000	416.610000	emerald
417.500000	420.135650	160
421.940000	422.820000	emergency
423.790000	427.770000	163
429.470000	430.180000	emigrate
431.040000	432.060000	165
433.770000	434.460000	emissary
435.360000	436.990000	167
438.700000	439.280000	emit
440.130000	440.760000	169
442.520000	443.280000	emolument
444.090000	445.540000	171
447.190000	447.790000	emote
448.640000	450.350000	173
452.150000	452.930000	empirical
453.780000	455.610000	175
457.320000	457.990000	empower
458.830000	460.560000	177
462.330000	463.230000	empyreal
464.210000	465.050000	179
466.820000	467.550000	enchant
468.410000	470.900000	181
472.540000	473.360000	encipher
474.320000	475.360000	183
476.990000	477.810000	enclosure
478.730000	480.210000	185
482.060000	483.180000	encomiast
484.160000	485.020000	187
486.790000	487.640000	encompass
488.490000	490.000000	189
491.740000	492.860000	encyclopedia
493.720000	494.910000	191
496.670000	497.710000	encyclopedic
498.610000	501.219791	193
502.910000	503.620000	endearing
504.610000	505.840000	196
507.620000	508.338527	endue
508.750893	510.313542	197
512.020000	512.730000	enfeeble
513.660000	514.570000	199
516.380000	517.080000	enfetter
518.060000	522.170000	201
523.970000	524.670000	enflame
525.540000	526.210000	203
527.990000	528.720000	engaging
529.560000	531.740000	205
533.480000	534.300000	engross
535.190000	536.660000	207
538.400000	539.150000	engulf
539.970000	540.640000	209
542.340000	543.060000	enjoin
543.890000	545.330000	211
547.000000	547.770000	enlightening
548.680000	551.650000	213
553.340000	554.060000	enliven
555.020000	558.040000	215
559.750000	560.420000	ennoble
561.370000	563.800000	217
565.510000	566.200000	ennui
567.060000	569.510000	219
571.240000	571.900000	enormity
572.990000	575.440000	221
577.070000	577.850000	enrapture
578.740000	580.670000	223
582.380000	583.300000	ensconce
584.230000	585.810000	225
587.480000	588.270000	enshrine
589.130000	591.270000	227
593.080000	593.690000	ensign
594.570000	595.350000	229
597.030000	597.780000	ensnare
598.670000	601.230000	231
602.920000	603.640000	ensue
604.500000	605.560000	233
607.260000	608.020000	enthrall
608.840000	610.240000	235
611.850000	612.630000	enthralling
613.540000	615.480000	237
617.220000	617.990000	entirety
618.870000	620.330000	239
621.990000	622.840000	entourage
623.750000	625.390000	241
627.100000	627.800000	entrance
628.670000	631.136725	243
632.910000	633.600000	entreat
634.500000	635.290000	246
637.060000	637.720000	entreaty
638.630000	640.220000	248
641.960000	642.800000	entrust
643.710000	645.260000	250
646.890000	647.650000	entwine
648.530000	650.350000	252
652.020000	652.840000	enunciate
653.750000	655.220000	254
656.980000	657.720000	environ
658.590000	660.010000	256
661.810000	662.620000	envisage
663.540000	665.160000	258
666.940000	667.880000	epideictic
668.790000	669.570000	260
671.320000	672.220000	epidermis
673.150000	674.710000	262
676.480000	677.190000	epigram
678.020000	680.100000	264
681.760000	682.420000	epilogue
683.270000	685.010000	266
686.730000	687.440000	episode
688.350000	691.270000	268
692.880000	693.570000	epithet
694.470000	698.350000	270
700.140000	701.060000	epitomize
701.970000	703.330000	272
705.020000	705.620000	equable
706.510000	709.280000	274
711.030000	711.730000	equine
712.600000	714.290000	276
715.980000	716.530000	equity
717.460000	718.850000	278
720.510000	721.380000	equivocate
722.210000	726.090000	280
727.790000	728.490000	erase
729.380000	730.880000	282
732.600000	733.330000	erect
734.230000	736.050000	284
737.800000	738.340000	errand
739.260000	740.980000	286
742.740000	743.510000	ersatz
744.480000	746.110000	288
747.840000	748.490000	erupt
749.380000	750.860000	290
752.570000	753.400000	escalation
754.240000	756.670000	292
758.370000	759.110000	escort
759.890000	760.470000	294
762.200000	762.910000	escort
763.780000	764.600000	296
766.270000	767.110000	espionage
767.920000	768.980000	298
770.630000	771.400000	espy
772.320000	774.250000	300
775.860000	776.420000	etch
777.360000	779.080000	302
780.880000	781.530000	eternal
782.460000	784.510000	304
786.230000	786.930000	ethics
787.810000	790.070000	306
791.800000	792.650000	etymology
793.570000	794.570000	308
796.260000	797.010000	eugenic
797.850000	798.630000	310
800.360000	801.020000	eulogy
801.860000	803.520000	312
805.240000	806.020000	euphoria
806.960000	808.300000	314
809.950000	810.880000	evacuate
811.720000	813.280000	316
815.040000	815.790000	evasion
816.680000	818.190000	318
819.900000	820.860000	even-tempered
821.770000	824.860000	320
826.620000	827.480000	everlasting
828.340000	831.915467	322
833.530000	834.180000	evict
835.010000	835.740000	325
837.450000	838.470000	exactitude
839.340000	842.181206	327
843.890000	844.590000	exalt
845.630000	847.040000	330
